752821
7238428
3011628
7965379
420299
14369266
9035320
16447660
12962830
12378005
719717
12312750
11762858
5364004
13425651
13372716
10602426
9409188
14361557
2033537
1440775
9949341
10807152
711498
5040115
5616090
12942412
4542708
6215266
10595710
8390165
12016683
8253618
12532968
10346408
15727565
12897332
3971912
2894623
14368677
5263767
13228241
5953077
3314056
9374278
7167372
11957623
9965854
11574084
7991911
11269105
12777783
15478044
15869740
1204808
7678057
15306062
1585912
11833909
13460091
6080082
5412056
7388802
16149031
15468380
5845926
8492745
6437066
9190470
13275639
6466839
737454
1859473
3407172
3194323
232680
13175789
8923288
5739285
10144793
10045414
865339
7114652
8310722
13243436
8726198
5449344
16715120
11633532
10408259
4181680
2840467
4563350
269401
7026680
7259797
13644949
3340672
16760407
4322703
1994979
14057430
11737876
13168095
10715977
11004370
10233041
14409694
2543112
8765140
3591311
9234958
6866064
9108180
4087907
7561536
5395774
15117372
10887440
7884939
2367681
7963759
15223214
4791577
16624350
529615
9069256
14128534
7471138
3791219
7860547
8864824
7257708
413049
11849633
590685
16006050
4896027
16026104
709671
14539943
1067039
681272
13394576
14169951
542190
5702907
16377922
11269127
14886158
11228003
11797626
13739014
4555489
1837076
8733052
14483059
15814838
16271736
8213555
895938
14854452
8059428
13268730
16286368
14419670
13999640
14924266
14665398
16163559
6350155
3522422
8883934
757209
2493622
14708962
14179006
698167
10084797
16511122
12807877
16623223
8810389
8058403
8888699
6531102
5414843
8204040
175245
6194526
13465725
15199081
14227280
9441572
2325172
7657450
175736
15545848
16512484
9809772
3075436
261518
12927738
14903493
356387
5013263
15052219
16548352
3383423
4873531
12164899
10066435
11564834
14371689
1852074
905236
10874154
5800241
16091502
13663288
143795
2961947
2290678
14629174
7660252
3619382
2359627
8599242
4812288
1639334
8344503
3802497
5426459
14226795
11242597
2622368
886694
539302
9718465
989355
13898486
15881296
6460994
11219259
13977861
317483
14937299
14021657
5178267
5570332
6103263
6312442
6835479
12815726
14662503
2166692
2543303
14672349
2853979
6769880
11857462
6954511
15990986
439812
2268961
1467971
8290068
16564589
12680623
8101768
4057289
13084537
3798040
16059777
15412040
10165889
3186553
8496131
14608289
12847809
12906600
7393089
7426731
7727105
8795375
13400117
13425530
6400471
9198048
7525369
752621
7534231
6832357
2188666
6365207
6430106
622208
8118960
12308916
15595708
14130939
6185680
755730
4088029
7608981
15035262
1775095
862855
5588865
14731490
1366598
12404971
10072803
1137104
8976463
7280397
1059029
15234771
4787637
1939219
2661759
4311745
2617628
6308764
12934785
4480752
3541398
6470722
4270971
6972816
9340691
5825171
13418006
8432628
9317081
7929140
5967093
15099265
6330401
14293303
10768632
760080
3423184
12741462
925864
16148016
14606889
5374267
811550
15249501
4646459
10099666
4614049
15840434
11770768
6904920
15681027
6188260
11531130
2894812
9096498
3164531
4878110
15855032
11662009
3553013
9038356
10057427
5495474
2400322
3187238
15768192
2809196
7756508
13812579
3369002
3950143
8873329
3903346
14340174
10052157
16708552
298884
12650694
13472519
3039351
3536124
7945705
3095237
13749735
1108329
11947194
15118652
13772288
5756378
567292
472868
15727749
11409454
16366606
4305751
5565661
13690218
7508254
11439353
4475457
12363384
11720323
8799672
11428529
3839035
8686074
171800
7324435
15733786
3213290
7380300
9866968
13429402
15616993
13246556
5202253
2298302
8366119
13633861
12890984
548960
14695821
2220924
10838076
13857218
14243660
1260441
13675969
4510939
11906925
8227112
11133079
14263577
4197374
12366659
16750988
13282662
16120374
9997672
3761268
5846617
1531792
11762438
9923237
13694118
7845907
14349434
14430684
11223231
9701622
7710380
316365
13375453
15306297
11536164
6415544
2972758
527626
7381110
11608473
11047777
10381868
5713351
4612669
3728409
14348360
9138128
8172166
5079718
8106879
16058644
4389250
4052517
5647208
6728161
7759522
2661336
8044642
8611523
902776
2611676
9062925
7779351
2409137
6398600
645315
12820510
10773974
15545117
1470447
1140814
7902269
11718758
12599634
1593287
12825158
10786133
7112356
10748329
8562042
14030457
14427436
16194444
8428646
15590569
6818703
15564987
3703156
15625445
10404489
1937067
12597453
6356718
14310131
10644763
13462114
5548709
10943529
15511649
16046291
16032171
9792209
2425347
13530521
10916424
14704340
9314841
7040038
6581741
3485054
3173134
7553539
2810917
3983286
1908776
9929471
14411283
8931737
16432573
13627275
15620599
14755306
14270295
1249792
6753642
2259545
3527628
2416484
8352633
16142065
15544634
3510910
14945462
13615302
7148047
13194909
6024924
4688754
309386
16663386
8383103
7836656
16350931
8216041
13544368
6250246
10897023
8202263
2031953
10777505
1856123
2173711
5343787
12852057
5732721
14019924
5663145
12625575
1467490
9896413
15113293
15142007
7857316
2823012
3672273
9077551
7241125
4049956
13283812
6584710
15870107
8694040
3105128
12543314
14922488
1747342
14085091
15618749
1733322
9730695
3513801
9465168
11234831
4090317
2332427
996070
9861899
4186332
8230936
7160969
9881295
10962181
8655207
5331000
8324265
13720056
13688615
4947394
4469709
10303464
11006355
5334477
7555170
6273018
13951738
5024456
1274186
11676248
13306432
3218565
8485943
13242985
8883994
16643821
11519284
9206049
2242572
10667950
16182645
1616931
6071422
1702778
3833439
1350798
7482118
13817630
10211512
14924484
8855609
10918040
9745533
15431523
8229119
10358322
13699939
5203369
2222012
2155208
6284794
16145183
4270338
11258971
969039
2911297
1494742
12626534
596066
2228196
5135368
15679904
9941278
2141403
16176945
13355089
15570771
15896590
916061
15589066
16644358
1982098
1983639
1257529
2971061
3438791
14069926
16449183
14515567
13040264
12111013
3853996
9391167
6288023
9939732
5284570
8276554
7940649
15057979
13200991
8779755
15869528
13217983
7155024
10864494
301447
768086
14239180
5722747
4224115
7586963
13253348
7596005
12420759
4479902
11953061
11552416
964063
15994084
3486659
6773627
2674533
859478
7337528
12695786
5918654
6710804
8700297
14537069
3824382
11278836
7757626
6735382
5874704
8362058
11610558
2742945
7340583
9330972
16657179
9227987
4836199
15903672
3704933
16181544
13383330
510006
13457510
16273577
12031237
8604275
16585699
6769281
5132576
11775065
7135533
11100939
10914887
426570
11858211
1427819
13158284
2564562
10104358
11138876
5714913
953503
10529829
11854757
12818149
1841912
15007857
14987554
10012864
14583241
6498015
6303605
9626951
3935113
160917
9131677
3584004
14692580
2080162
6532185
346710
15956317
5834448
16607876
6436101
13502627
13598184
12601785
14828984
11978378
13891117
13537251
3304910
8581387
2791878
9629171
14693568
10702046
9177480
3721617
12582379
5038503
12435410
9418664
13996553
6593987
5279467
11702723
16711949
7000861
6925521
8131223
13726485
13657453
10580853
11934893
3713115
8134322
3811816
15304943
2822576
11930478
10782523
7069915
14157551
6181292
1882034
14088560
9680955
505474
1205811
2537291
9841496
3947027
10511345
12716590
5218698
9360589
16192715
12422394
12383645
5350866
767287
11226981
10700413
4109620
7021586
8238828
4856481
3600552
11875660
306469
3222803
16390698
13117227
2851161
9729889
5771501
9498777
15530563
2135556
16578963
6842602
14715415
6240230
11032238
1654381
6543966
14507954
11131143
14952014
14212564
9332589
7898119
11490143
12133472
13704822
15229234
2234307
15509326
3883160
13125969
12876964
12188234
7783454
2023044
6146264
11044628
8914482
7766790
7172246
1111734
6502820
14708978
7086931
16146932
6508112
318191
7593544
16286680
16386015
14002183
2467920
1022900
6388569
14524806
16601957
6066036
496981
1782779
11802457
543532
15638479
8378386
16231731
1793669
15505627
16134162
4634913
11598943
8076107
15300468
7509752
3425038
1714728
12932597
14493902
10095798
7544983
9765668
16586139
10511841
14897935
3024213
14699642
14718182
13854291
879452
14929345
898490
8269196
3192436
16003817
7285692
7767316
3155168
12095292
8543375
7435337
13666809
5751294
6198345
7649118
3354740
6929937
14932845
12317904
7746463
12879621
15442336
14045550
4689773
7499491
9968828
625677
8730914
6000467
1065408
2496584
1201753
3963408
814159
2441042
3336717
9958739
15055031
10395870
14889538
288330
15094797
12819849
14176425
13026180
9936052
10449360
837766
14670080
9624484
8379834
12625883
11793523
13376261
2950059
6020278
10631248
6265096
3221918
11074829
7449667
15758777
11521297
8625031
4347877
1466163
1190998
16699644
6245842
9076974
12339639
12176714
10184579
15345649
8607499
4498842
6537974
7679605
16669863
10946016
16574334
13636891
15357580
10777276
7681267
10677726
11505579
8989619
13837580
14816543
14741160
9369300
2525096
16436874
7701339
909994
6663573
4970024
14604643
9684094
14954372
5302505
1729709
6458255
3360235
4473551
10183099
11585798
815054
16620398
7237237
11181039
15155115
16761506
9452323
13554613
9876557
11509607
7691972
202207
5276813
4057194
8491109
221466
11177694
14737733
3365272
16702136
15293692
13113225
6516241
14981389
9496315
4546434
9565114
13203246
251065
15857985
12092970
4262307
15670987
13638314
7082563
8051412
4435415
16144981
6280253
16463063
6575806
5920959
781487
14823543
11276251
8861895
11788938
4948509
7769674
14099830
8769765
7651417
14585426
7104807
3889774
14520481
3024325
790657
14699056
7432385
6340509
13453885
3482555
15090278
1587964
2142842
3603841
4967645
4418130
753012
1613861
10888206
12287880
16676993
847604
9166195
4476130
3705308
7899509
4984948
14122344
7970362
10286587
7393890
15446256
5418791
12493487
15473383
10732537
2037052
1566503
15077215
12540174
14155122
16631251
7923257
10955983
10313873
11627500
8176130
13690163
1443391
5562720
9935451
5328252
12984928
2007637
6441606
6850487
9972346
8401496
10003914
9781463
13451615
16019481
9811021
7590433
8300766
13529302
11363202
6240197
5448491
12514792
15574677
11501206
15671208
507646
15505847
7583509
12419103
10207613
12470626
5007402
15217622
12055386
13472015
13372805
15715524
14368318
7970327
13066730
12943347
4673894
737180
746084
15539326
10712559
14335676
8866283
3722155
16247904
3059267
13550326
1685643
3306586
13589091
4887326
4578581
10406431
6118124
5294617
14577132
9278041
8296637
5475911
11727887
11822351
3925261
5825335
2935908
3182123
11096639
8845265
13053821
6579712
4509170
5291797
13383704
11380877
13581806
3587547
9812947
8411123
4751721
9983624
16762614
9502572
5200186
9932600
2931137
6205854
3618574
11259043
13658743
4788404
1925619
3314119
13716309
7264697
14452732
829273
6938085
9875737
8961475
9411537
3351941
10208477
12177440
15149880
10434737
15586379
14851648
11237842
12280672
12678410
9936345
14625841
16636930
16139649
13341684
7022448
11937754
16645263
3116601
15424263
4110865
13754565
7083644
5795811
10017414
4239227
11468686
12385392
11578740
13827822
13749012
9840556
14646036
2877498
11140987
6949997
6733292
497593
3966630
10886868
4892409
7548315
8963420
4396522
15779803
5119713
1059796
3082387
10845208
12100067
6874414
1080372
7734008
14439087
16357609
7004826
9077452
5729295
16003763
12360015
7822435
9311210
11853124
5432269
3619109
13714949
9570330
12249522
1671080
14348423
9560363
12625867
8173761
4162509
16535258
15631230
15188446
5524508
3837567
2697725
2703378
10207631
5653769
1526971
1567091
16384621
10640474
6893689
8267642
15724399
6128859
15583646
16057540
6291982
9102091
7210132
8387076
1747975
10243985
4780399
15542556
2403957
9818471
1360991
8063282
4310939
952473
6700568
11209529
5364351
6569978
11810277
15458974
6513596
13707525
11411423
1894894
2284990
14938624
6738544
3837414
11693188
8273710
13378665
277252
13346954
7903162
10927523
13854888
5972500
8898989
12744068
5042673
8309820
6265088
10979767
5953017
14422661
6416500
6019529
266114
16068218
6312612
15730601
16762413
4799986
15923760
10753693
13070615
16355343
9110677
5959573
16538443
10495952
2901963
13531307
15371659
11022635
7860798
11135782
1285649
16405043
8772400
15031634
13956449
10071675
6580771
4290893
5330641
7342394
10619419
4447512
4457303
15053839
2788661
6373401
503075
5602883
1906988
10103997
15938043
8017005
1491417
8630006
8073374
3013658
2434819
11923420
13238868
7189443
4899351
2052389
7298209
7239371
9718412
12553671
1394513
14895268
8005634
16506293
9930850
6677317
8682318
16555664
9830649
7746877
8208056
454597
3703864
11181175
12088811
8633306
4176413
5188970
7385614
14704481
12969069
15508763
10115731
4023929
15176331
16252824
13859417
6844619
862588
7261905
13516446
16664430
5097324
5056487
6296912
4619628
8426777
2406584
15488536
2807877
8757989
972397
1491077
7034695
12159700
5321017
4437353
6648943
10306457
9601805
7339382
4289844
11459260
6410283
1308388
11270805
9675817
3836623
6367907
10482613
2769890
16095218
3754864
12941943
15577668
9462813
5271738
10265506
3922951
5707225
11381005
10547561
4922485
12564698
1680962
2669968
12835173
16175940
16180583
14273765
13157691
5318334
10035147
6512166
1145569
6353641
2135618
14143583
16744845
5015513
5350942
4238650
6453898
7638719
8490221
8523973
2224230
9598646
1965928
11828999
13342139
1627343
6008195
9436623
5886073
8995588
2530267
5725237
1590720
4127372
12959275
14673563
1458333
5553456
11733439
11610898
9421659
10414060
7443996
16649397
10800926
8265948
11589752
340414
8118014
12383452
4312994
4861433
16458622
4454308
5670260
6805144
11736864
7683402
12241873
12284798
11560401
12390166
9630078
8479161
4498815
15788396
16347704
6678775
2117184
12947022
10399860
921544
5045175
13717867
12755521
853417
10092256
12966179
3688672
8455159
4675323
3939621
3065721
4089213
14053743
9715783
15936618
16454759
12956247
13658675
5074313
6854202
6904336
2391891
5297562
8391128
4550230
13212625
2034702
1954412
14935982
1489705
16255741
3193044
164964
15647210
2067990
12822802
8045079
2430088
3132163
15620156
1117127
14253540
13259892
7399060
4197740
16184408
1169343
4433518
12006806
10679638
6987189
6592784
463374
4061318
16006362
13683672
15119478
2538600
9787873
1687437
11890576
11655646
490965
2455372
1557650
961258
16350167
5445911
4552924
7259358
13000199
11234771
2340754
3098868
1037675
13737569
950045
15626457
2647893
701779
13830143
1370385
8484626
12219875
551055
3916393
7698461
14917327
8881891
4300743
7432026
11053074
9304014
849803
6861919
5391004
2504207
6033806
11424212
12418745
12361662
998754
5126535
15498808
14405839
6195697
8816836
10506230
1812400
2498811
6088686
6238521
7005313
16054265
15097935
9009909
3979989
2067987
161912
14111733
10136022
6899099
16549199
16552427
4834729
6815795
1697886
10195025
6983456
12192076
12942758
12522082
13581150
2632737
13961358
3097198
13603728
4311653
7142198
14525025
1737983
9812239
5222830
3159181
7221938
10156687
12785220
8097401
5665604
9020006
9290030
3213034
9285396
11427798
8839042
1129028
4002774
16420014
3315573
1769960
11274851
7402647
10814837
8542829
7815688
11385195
12538519
13438536
8186085
4406257
4097149
5121204
963236
4347759
16020630
11975885
12385706
701157
9864243
6957080
4133367
12103287
8652718
16753671
7433292
9723861
14262363
5387417
11408030
14227091
16426658
14870677
1232034
8227726
911147
12885942
10421071
15191352
11670148
6324661
1322037
8218748
4444699
7358484
14985500
15764332
16593661
4569432
10848480
775757
13986302
10551426
11252578
3097086
1933709
689317
16306037
3836305
16491172
10190781
11609590
2789928
12907446
7184149
6842552
436385
15910325
14784548
9211309
14580375
7830428
4050958
13422234
9791581
9928723
806854
11778780
8536632
4205073
14118969
1147655
9985286
2412652
4945657
7935211
8776637
14803077
5120367
5181733
8654027
10203464
15175911
14573981
2977352
546007
16759157
5996903
6347590
3793982
4015925
4461083
3707164
4451465
12229985
5691457
13606536
2473892
11745078
970609
4430292
11249743
866547
14931687
2627557
10439516
8236250
3938181
16186867
14548078
10082986
2901234
12723252
12145930
5231807
7553846
9370195
4982265
12847839
2066741
4243615
11759466
9507978
7357872
16733257
15077458
10645948
12863423
15071927
1838087
14257674
318623
14391802
5296638
14716235
1579583
5147651
13371910
7362350
10338385
719041
15477562
8640127
13715403
5454494
995398
13018729
4827751
8925722
6456408
14451048
630861
7807526
1381523
11343990
5226809
14833916
6761813
5816954
10702707
1622429
6286632
14764584
4332917
4576013
14439344
13791257
15637143
4854890
9876789
5522994
16234289
15375003
12207861
6026574
4983895
12457508
10741929
2866320
3870452
4648905
6150137
2152412
14277214
2483973
827012
1728217
5015768
8430152
3772816
9335010
16046859
7719014
12029893
13305711
4711166
3539644
13117966
16255016
14502333
15408004
5415652
11289455
16619186
15491517
9755636
8340811
14158168
3055344
527478
6091993
2655189
14043938
14425478
8644162
12746616
14783290
13819399
7181732
16206773
9670960
11248342
14513676
7382558
6340425
7434096
14548371
909375
9071541
5790853
2735790
1421288
7318426
3203729
12502609
1110366
15804350
2364439
9727438
5712495
9696418
11019004
10591848
4240102
16551895
3937282
272977
10998790
15196181
12511399
3986233
7526154
7845984
7030614
14960850
10376045
16555079
7248416
7389574
4106923
8212207
14510667
11775049
5810635
13089894
1536092
3650486
12190350
16183090
4997752
2830287
6787181
3973069
15856559
5897317
11278790
15487830
11494147
5256644
5963168
12549662
6803178
11981665
16687960
12089718
8306327
4106313
12633396
5819765
8588091
13673135
2826868
13241075
15480430
1365592
7058149
435035
16649425
12126389
7806514
9467478
7107384
14493794
12883534
8948930
8068565
1301536

