[#..##.#..] (1,2,4,6,8) (0,1,6) (0,1,2,5,6,8) (0,1,2,4,6,7,8) (0,2,4,6,7,8) (0,1,2,3,4,5) (3,5,7) (0,3,4,6) {56,47,33,28,34,27,55,4,24}
[##..#.#.] (2,6,7) (1,2) (0,3,4,5) (0,2,3,4,6) (1,4,6,7) (0,2,3,4,5,6) (0,4) (1,3,4,5,6,7) {200,33,65,47,216,29,64,32}
[.#..#..#] (0,1,2,3,4,5,6) (2,3,4,6,7) (1,2) (2,6,7) (2,3) (0,3,6,7) (1,2,3,4,5,6,7) {4,28,40,22,20,14,24,20}
[###.] (0,2,3) (0) (1,2) (0,1,3) (0,2) {18,16,28,7}
[...##..#.] (0,3,5) (0,6,8) (0,4,5,6) (1,4,7) (0,2,3,4,6,7) (1,3) (0,1,2,3,5,6,8) (2,3,4,5,7) {78,44,46,75,51,60,65,36,36}
[##.##.] (2,4,5) (0,1,3,5) (2,3,4) (0,1,4) (1,2,4,5) (0,3,5) (1,4,5) (0,3) {21,30,47,32,60,48}
[....#...] (0,1,2,4,7) (2,5) (1,6) (1,3) (0,1,3,4,7) (4) (0,1,3) (1,2,3,5,7) (4,5,7) {184,210,190,49,188,47,0,192}
[..#......] (0,1,3,4,7,8) (2,3,6) (2,3,4,5,7,8) (0,1,2,5,6,7,8) (0,1,3,4,5,6,8) (0,1,2,4,5,6) (0,4,6,7,8) (0,1,2,4,5,6,8) (3,6,7) {53,40,45,28,50,44,67,27,42}
[...###...] (2,4,6,7,8) (1,3,6) (0,1,2,5,7,8) (1,8) (0,1,2,3,4,6,7) (1,2,3,5,6,7) (0,2,3,5,6,7,8) {37,44,50,49,20,30,57,50,39}
[..##.] (0,2,4) (0,1) (2,3,4) (1,2) (1,3) (2,3) {13,23,40,24,16}
[.##....###] (0,4,6,7,8) (0,1,7,8,9) (1,3,4,5,7,9) (0,2,3,5,8,9) (7,8) (1,2,3,5,6) (2,6,8) (1,4,6,7,9) (6,7) (0,1,3,4,5,6,8,9) {37,45,41,41,32,41,215,191,73,32}
[###.#...#.] (0,1,4,5,6,8,9) (1,3,4,7,8,9) (1,6,7,8) (0,2,3,5,7,8,9) (6,8,9) (1,3,4) (1,4,5) (1,2,6,8) (4,7,9) (0,2,3,4,5,6,7,9) (0,1,2,4,5,6,7) (4,6) (0,1,2,3,5,6,7,9) {46,102,50,59,84,57,75,80,62,55}
[..#.##.] (2,4,5) (0,1,2,4,5,6) (0,4,5) (1,2,3,5,6) (0,2,5) {7,1,11,0,17,17,1}
[.#.#.#....] (0,2,4,5,9) (1,2,4,5,6) (3,4,5,6,7,8,9) (0,1,3,4,5,6,8,9) (1,2,3,4,8,9) (1,4,8) (0,1,8) (1,2,5,6,8) {18,81,45,42,73,63,63,19,87,42}
[.###] (1,2,3) (0,1,2) {4,16,16,12}
[...#.] (3) (0,2,4) (0,1,4) (1,2,4) {25,23,28,13,38}
[...#..##.] (3,6,7) (0,1,2,3,5,7) (0,5,6,7) (1,3,8) (1,2,3,4,6,8) (0,2,4,5,8) (2,3,4,5,6,8) {42,164,180,186,160,58,178,43,165}
[..##.#..] (0,2,3) (0,2,4,6) (1,3) (1,2,7) (1,2,4) (1,4,5,6,7) (1,2,4,5,6,7) (1,2,5,7) (1,3,7) (0,2,4,6,7) {49,81,104,35,64,38,59,82}
[..##.##.#.] (0,1,5,7,9) (0,1,4,5,7,9) (0,2,3,6,7,9) (2) (1,3,4,7,9) (0,5,9) (2,4,6,7,9) (9) (0,5,6) (3,4,5) (2,4,6,8) {226,35,33,19,37,225,34,46,6,246}
[#..#.] (0,1,2) (0,2,3,4) (0,3) (2,3,4) (0,1,3) {38,21,34,32,15}
[.#....] (0,3,5) (0,1,3) (0,2,3,4) (2) (0,3) {27,7,19,27,7,12}
[#...#..##.] (2,5,7,9) (0,4,5,7,8) (1,2,3,4,5,7,8) (2,4,5,7,9) (0,2,4,8,9) (2,3,4,5,8) (9) (0,1,2,4,6,8) (0,1,6,7,8,9) (2,3,7,9) (0,2,3,4,5,6,7) {39,23,93,42,68,65,31,58,49,51}
[####] (0,1,2,3) (0,2) {20,5,20,5}
[#.....] (4,5) (1,3,4,5) (0,2,3,4) (3) (0,1) (0,1,3,5) {25,28,9,29,29,22}
[#.##...#] (1,2,3,5,6) (0,3,4,6,7) (0,1,2,3,4,5,6) (3,4,7) (1,3) (1,6,7) (2,3,5,6) (0,5,6,7) {37,51,37,69,42,49,70,50}
[#.#.] (1,2,3) (0,2) {17,0,17,0}
[#...###] (1,2,4) (0,3,4,5,6) (1,2) (0,1,2,5,6) (1,3,6) {17,46,41,16,29,17,22}
[##...#] (0,3,4,5) (0,2,4) (1,2,3,4,5) (0,1,2,3) {19,18,20,29,25,23}
[#...#..#.#] (0,5,6,8,9) (0,1,3,7,9) (1,2,4,5,6) (1,2,7) (2,3,7) (1,2,3,4,6) (4,6,7) (0,1,4,9) (4,7,9) (3,7,8,9) (0,1,9) (0,7,8,9) (1,5,6,7,8,9) {38,174,53,40,52,131,151,155,121,153}
[..#...] (0,1,3,4) (0,2,3,4) (2) (1,5) {17,30,105,17,17,16}
[##...####] (2,3,4,5,6,7,8) (0) (0,1,3,4,5,6,7) (0,1,5,6,7,8) (0,3,7) (1,3) (0,3,5,6,7) (0,2,3,8) (1,2,3,4,6,8) (2,6) (0,1,4,6,7,8) {63,50,35,51,34,36,69,58,53}
[#..#...] (0,3) (1,3,5,6) (0,1,2,3,4,6) (1,6) (0,2,5,6) (0,3,5) (0,3,4) (1,4,6) (0,3,4,5,6) {73,64,24,75,51,56,93}
[.##.#] (0,1,2,4) (0,1) (0,2,4) (2,3,4) {25,23,180,172,180}
[########.#] (0,1,2,7,8,9) (2,8,9) (3,4,6,7) (0,2,3,5,7,9) (0,2,3,4,6,7,8,9) (1,3,6,9) (0,6,7,9) (5,9) {47,29,45,57,26,15,44,56,30,63}
[..#...#.] (2,4,5,6,7) (1,2,3,6) (0,1,2,3,6,7) (1,3,4,5,6,7) (0,3,5) (0,1,4,7) (0,1,2,3,4,5) {32,58,45,60,55,57,50,41}
[....#.] (0,2,3) (1,4) (0,1,2) (2,3,4,5) (5) (3,5) (1,5) {16,139,26,30,23,152}
[..#.#..#] (0,2,4,6,7) (0,1,3,6,7) (0,1,2,3,4,6) (0,1,2,3) (5,7) (0,2,5,6) {165,34,153,34,25,116,148,37}
[.########.] (3,5,6,7,8) (1,2,3,4,5,6,8,9) (4,8) (0,1,2,4,5,6,8,9) (0,3) (0,1,2,3,4,5,6,9) (0,1,2,4,5,6,7,8) (0,1,3,4,5,8,9) {36,26,21,35,45,32,27,6,37,26}
[########] (0,1,2,4,5,6) (3,5,6,7) (2,3,4) (0,1,2,3,4,5,7) (0,1,3,4,5,7) (0,1,2,4,6,7) (3,5) (5) (0,2,3,5,6,7) {47,31,51,78,45,73,33,48}
[.#.#] (0,1,2) (1,2,3) (1) (1,3) {11,36,17,21}
[.#...#] (1,3) (0,1,4,5) (0,1,2,3) (0,1,3,4) (1,2,3,4) {22,55,24,39,34,16}
[##.....#..] (2,3,5,6,7,8,9) (3,4,6) (0,1,7) (1,2,4,5,7,9) (0,2,4,5,6,9) (0,9) (0,1,4,5,6,7,9) (0,1,3,8,9) (1,2,3,6,7) (0,2,3,6,7,8,9) (1,2,8) (1,5,8) (0,1,2,3,4,6,7,9) {29,44,41,41,26,33,45,46,38,37}
[#.#.##..#.] (3,8) (1,6,8,9) (0,1,2,5,6,7,9) (1,4,8) (0,1,5,8) (0,1,2,4,5,6,8,9) (1,2,3,4,6,8,9) (0,2,3,5,7,8) {35,52,38,14,21,35,49,18,48,49}
[.##.#.##.] (0,2,3,5,7,8) (0,1,2,3,4,7,8) (0,2,3,4,5,6,7,8) (2,5,8) (0,1,2,3,4,6) (1,2,4,5,6,8) (2,5) (1,3,5,8) (0,1,3,5,7) (1,2,3,5,7) (0,3,5,6,8) {256,247,86,285,44,298,59,236,85}
[##..#...] (0,1,2,4,6,7) (0,5,6) (0,2,4,6) (0,1,4,5,6,7) (0,1,2,3,6,7) (0,1,3,5,7) (0,2,3,4,6,7) (5) (1,2,4,5,6) {57,42,43,12,41,38,68,35}
[##....#.#] (1,4,6,7) (2,8) (0,3,6,8) (1,6) (0,1,4,6,7) (0,1,3,7,8) (0,1,2,3,4,5,7) (0,1,4,5,6) (0,1,2,4,5,6,7) {53,60,35,27,44,23,51,49,42}
[...##...#] (2,3,4,5,7,8) (4,7) (0,1,2,3,6,7) (0,1,3,5,6,8) (0,2,3,4,6,7,8) (1,2,3,4,5,6,8) (1,2,4,5,6,7,8) (3,7,8) (0,6,8) (2,3,5) (0,1,3,4,8) {40,30,48,83,52,40,24,49,73}
[..#.#] (2,4) (0,2,3) (0,1,2,4) {35,19,48,16,32}
[##.##] (0,3) (2,3,4) (1,2,3) (0) (1,2) (0,2,4) (0,1,3,4) {23,15,13,24,10}
[##..#.##..] (1,2,5,6,7) (5,9) (0,2,5,6,7,9) (1,2,5,9) (1,2,3,4,7,9) (0,1,2,3,6,7,8,9) (0,2,3,4,5,6,7,8) (8) (1,4,5,7) (0,1,2,4,6) (0,2,3,5,6,9) (0,2,3,4,5,8,9) {64,68,97,56,83,89,55,60,52,68}
[.....#] (2,3,4) (4) (2,3,4,5) (1) (0,1,3,5) (0,3) (0,1,3) (0,1,3,4) {37,43,28,65,40,33}
[#......#.] (0,2,3,5,7) (4,5) (2,4,7) (0,1,3,4,6,7) (0,1,8) (2,3,5) (0,1,2,4,6,7,8) {183,31,189,166,43,168,24,187,25}
[###....] (0,2,5,6) (0,1,2,3,4,6) (0,1,2,3,5) (1,5,6) (0,4,5,6) {53,31,33,18,29,57,57}
[#.#.#] (0,4) (0,1,3,4) (1,2,3) (2,3,4) {28,20,7,26,34}
[..###.###] (0,1,2,3,4,6,7,8) (2,4,5,8) (0,3,4,5,6,7,8) (4,8) (1,6,7) (1,2,5,7,8) (0,8) (1,3,5,7,8) (4,5,6,8) {17,52,25,32,45,26,38,53,61}
[.....#.] (0,2,3,4,5) (0,2,3,4) (0,2,6) (1,4) (1,5) (1,2) {40,16,55,31,31,21,9}
[..####] (0,1,5) (0,3) (1,5) (2,3) (1,2,4) {27,22,15,20,14,8}
[.....#..] (0,2,4,6,7) (0,4,5,6) (1,2,3,5,6,7) (0,1,2,3,4,7) (0,2,4,5,6,7) (2,3,4,5,6) (0,2,3,6) {61,24,73,48,63,46,66,49}
[.####] (0,3,4) (0,4) (0,2,4) (0,1,3) (0,1,2) {43,38,21,22,5}
[#.##] (1,3) (0,2) (0,3) (1,2,3) (0) {28,31,19,40}
[...##..#] (3,4,5,7) (0,1,2,4) (0,2,5) (3,4,5,6) (0,1,2,3,7) (5,7) (0,6) (0,1,2,6,7) (0,1,2,3,4,7) (0,1,3,4,5,6) {43,27,23,32,29,43,50,37}
[#...##..#] (0,4,5,6,7,8) (0,2,3,4,5,6,8) (1,2,3,5,8) (7) (3,4,6,8) (1,5) (0,5,7) (0,1) (0,3,5,7) (0,5,6) {55,29,39,56,31,82,37,45,50}
[#.##] (1) (0,2,3) (1,2) (1,2,3) (3) {5,27,29,24}
[...#..###] (1,2,3,4,6) (0,3,7) (5,8) (0,1,3,5,6,7) (0,1,5,8) (0,1,2,3,4,5,6,8) (2,5) {44,45,40,53,28,58,38,25,36}
[#...] (3) (1,2) (1,3) (0,1,2) (0,2) {16,30,30,16}
[#.##..#] (0,5) (1,3,4,5,6) (0,1,4,5,6) (1,2,5) (0,1,6) (1,2,4) {16,38,27,1,15,28,11}
[##..] (0,2,3) (1) (1,2) (2) (0,2) (0,3) {28,5,30,18}
[#..##.#] (1,2,4) (6) (0) (2,3) (3,5) (0,2,3,5,6) (0,3) (0,3,4) (0,2,3,5) {47,8,30,55,16,35,19}
[##..#..] (0,2,3,4,5,6) (0,1,2,3,4,5) (1,2,3) (0,2,4,6) (2,3,4,5) (0,1) (2,3,4,6) {54,34,177,167,167,47,140}
[..##...##.] (0,1,2,9) (0,1,2,3,4,9) (2,3,7,8) (2,3,7) (0,5,7,8,9) (0,1,3,4,5,6,8) (0,1,2,4,5,6,7,9) (1,3,5,7,9) (0,1,2,3,5,6,9) (5,9) (0,4,5,8,9) (0,1,3,4,6,7,8,9) (2,3,4,6,8) {107,85,93,74,64,75,54,71,47,121}
[#.##] (1,2) (2,3) (0,2,3) {11,0,16,16}
[#.##.] (1,2,4) (1,2) (0,3) (0,3,4) (1,3) (0,2,3) {41,42,49,46,40}
[.##...#.#] (0,1,2,3,4,5) (1,2,3,4,5,6,8) (0,1,4,6,7,8) (0,2,3,5,6,8) (0,1,6,7) (3,5,7) (3,5,6,7,8) (0,1,4,6,7) (1,6) (0,2,3,5,6) (1,3,4,5,7) {73,67,40,62,46,62,71,55,30}
[..##.#] (1,2,3) (0,1,2,4) (0,2,3,4,5) (1,2,3,4) (0,2,3) (0,2,3,4) (0,5) {63,43,68,50,35,26}
[.###..#] (2,3,4,5,6) (1,2) (0,2) (3,5) (0,1,2,6) (3,6) (1,2,3,5,6) {25,25,54,206,10,34,206}
[.#.##..] (0,1,2,4,6) (1,5) (2,4,6) (0,4,5) (0,2,4) (1,3) (0,2,3,6) (3,5) (0,6) {34,2,43,30,28,13,42}
[.##.#.] (2,3,4,5) (1,4) (1,2) (0,2,5) (0,1,4,5) (0,1,2,3) {206,211,222,196,18,26}
[#...#] (2,3) (0,1,2,4) (0,2,3,4) {14,5,32,27,14}
[.#..##..] (0,1,5,6,7) (1,2,3,4,7) (2,3,4,5,7) (0,2,4,5,7) (0,1,2,4,6,7) (1,2,5,6,7) (0,2,3,5,6) (0,1,3,6,7) (3,7) {32,51,58,37,39,55,44,77}
[.##.#..#.#] (0,1,2,4,5,6,7,8) (1,2) (1,4,5) (0,6) (0,2,6,8,9) (0,1,5,7,8) (2,4) (3,9) (1,3,4,5,6,7,8,9) {37,48,21,35,39,45,37,42,44,37}
[.#..#] (1,3,4) (2,3) (3) (1,4) (0,1,2,3) (2,3,4) {17,27,38,151,17}
[..#...#.#] (1,2,4,6,7,8) (0,3,4,5,6,8) (0,3) (2,4,6) (0,3,5) (4,5,8) (0,1,2,5,7,8) (0,1,3,4) (2,3,4,5,6,8) (0,6) {58,25,37,52,59,58,55,21,54}
[..####] (0,1,2,5) (1,2,5) (1,2) (1,3,4) (0,3,4) (0,1) (0,1,3) (0,2) {204,220,66,169,21,32}
[#..#.##] (0,2,4) (0,1,2,3,5) (0,2,4,5,6) (1,2,4,5,6) (3,4,6) (0,2,5) (0,3,4,5,6) {56,21,54,41,68,72,67}
[#..#] (2) (0,2,3) (0,1,3) (1) {19,17,17,19}
[.##.#] (1,3) (1) (1,4) (2,3,4) (0,1) (1,2,4) (0,2,3) {14,54,28,35,34}
[......##.] (0,2,3,5,6,8) (0,5,8) (0,1,6,7) (1,3) (0,1,2,4,6) (0,2,3,4,5,6,8) (0,3) (0,1,2,3,7) {90,42,60,58,36,47,52,18,47}
[.###] (0,2,3) (1,2,3) {16,8,24,24}
[###.] (0,1,2) (1,2) (0,3) {26,13,13,18}
[.#...] (3,4) (1,2,4) (0,1,2) (1,3,4) (0,2,3) {33,49,51,39,39}
[.#..###..] (7,8) (6,8) (2,4,7,8) (1,4) (0,2,3,5,6) (1,4,5) (1,2,3,6,7,8) (0,1,2,4,6) (0,3,4,5,7) (3,4,6,7) {30,30,36,44,66,35,51,48,37}
[##.#.] (0,1,3,4) (0,1,4) (0,1,2) (2,4) (2) (1,2,3) (0,2) {143,133,165,8,32}
[.#...#...#] (0,1,6,8,9) (1,8,9) (0,1,2,3,5,8) (5,6,9) (0,1,2,4,5,7) (0,3,5,6,7) (2,3,4,7,9) (0,1,2,3,6,7,8,9) (1,4,5,6,7,8) (0,1,2,3,4,5,6,8,9) (1,2,3,4,5,7,8,9) {81,83,73,77,63,87,84,69,69,102}
[.##.#.#.] (0,2,7) (0,1,4) (0,2,4,7) (1,2,3,4,5) (0,5,6) (2,5,6,7) (1,2,3,5) (0,3) {45,24,26,18,28,15,9,20}
[.#...#.#] (0,1,2,6,7) (1,5,7) (2,3,4,5) (0,1,2,3,6,7) (1,2,3) (2,4,6) (1,2,4,6,7) (1,3,5,6,7) (0,4,5,7) {27,55,66,47,50,38,46,55}
[###.#] (3,4) (1,2,4) (1,2,3) (0,3,4) {4,27,27,155,146}
[##.####.#] (0,2,4,5,6) (1,2,3,4,5,7,8) (1,3,4,5,7,8) (0,6,7,8) (0,1,2,3,5,7,8) (1,2,3,5,8) (3,4,8) (0,1,2,3,6,7) (0,1,4,5,7,8) (6,7) (0,2,3,4,6,7,8) {56,52,63,91,62,39,46,77,77}
[#....#.##.] (0,1,2,3,4,5,7,8,9) (3,4,6,7) (0,1,3,5,8) (0,1,3,5,6,7,8,9) (0,1,4,5,8,9) (1,2,3,4,5,8,9) (1,3,4,5,6,7,9) (0,7) (0,1,3,9) (0,1,2,3,7,8,9) (2,9) (1,7) {62,73,43,69,44,44,9,37,49,75}
[#.#..#] (1,2,3,5) (3,4) (0,1,2,3,4) (1,3,4,5) {8,31,28,158,138,23}
[#.##] (0,1,2,3) (0,2,3) {22,5,22,22}
[..##.#.] (1,2,5,6) (2,3,4) (1,3,4,6) (0,1,4) (2,6) (0,2) (0,1,3,4,5,6) (0,1,4,5,6) {31,35,19,18,41,17,28}
[..####..] (0,6) (0,1,3,4,6,7) (0,2,3,4,5,6,7) (2,5,6,7) (2,4,6,7) (1,2,5,6,7) (1,2,5,7) (0,1,3,4,7) {36,35,37,36,42,31,56,63}
[.##.#] (0,2,3) (1,2,4) (0,1,4) {24,27,25,11,27}
[..####] (1,3,4,5) (2,3,4,5) (1,3,4) (0) (0,3,5) (2,5) (2,3) {18,155,33,199,175,184}
[###.###] (1,2,3,4,5) (2,4,6) (0,1,2,4,6) (0,1,2,4,5,6) (0,1,3,5,6) (0,1) {47,58,36,23,36,37,37}
[.#.####.#] (0,1,2,4,5,7,8) (1,2,4,5,6,7) (0,2,3,5,6,7) (3,6) (2,6) (0,2,3,4,5,6,8) (0,1) (0,1,6) (0,1,2,3,5,6) (2,4,5) {44,38,71,34,56,67,51,18,24}
[..###..#] (0,1,2,4,7) (3,4,5,6,7) (2,3,4,7) (2,4) (0,1,2,3,5) (0,2,6) {22,22,25,10,23,8,3,22}
[..#...#] (2,3,5,6) (3,6) (1,2,4) (0,2,3,4) (0,1,2,6) (3) (1,2,6) (1,2,3,4,5) {11,46,52,44,27,18,45}
[##.#] (0,1,3) (0,1,2) (1,2) {34,54,35,19}
[#..#.##.] (5,7) (0,5,7) (0,1,3,4,5,6,7) (0,1) (1,4,6) (0,1,2,4,6,7) (0,2,5) (2,3,4) {37,32,27,22,44,40,27,36}
[#####] (2,4) (0,1,3) (1,2,3,4) {5,18,15,18,15}
[...###.##.] (1,2,3,6) (0,2,3,4,5,7,9) (1,9) (0,1,2,3,7,8,9) (1,2,5,6,7,8) (0,1,2,3,4,6) (0,1,4,6,7) (0,1,3,5,6,7) (1,5,7) (8) (0,1,4) (0,3,5,7,8,9) (0,1,2,4,5) {80,100,67,70,43,55,48,62,43,42}
[..##..##.] (0,1,2,3,5) (1,2,3,6,7,8) (4,6) (0,3) (1,3,7) (0,2) (0,2,3,4,6,8) (1,6) (0,2,3,6) (0,1,2,5,6,8) {198,71,186,195,26,34,185,24,31}
[#..##] (0,2,3,4) (0,4) (1,3) (0,3) (0,1,2) (0,1) (2) {202,199,188,29,13}
[###...#.] (2,3,5,7) (0,3,4,6) (2,6) (0,1,3,4,7) (2,4) (0,1,3,4,5,6) (5,7) (1,2,5,6) (0,1,3,4,5,7) (0,6) {17,24,54,33,18,57,36,48}
[#####.#] (0,1,2,3,4,5) (5,6) (1,2,3,4,5) (0,1) (2,4) (0,1,6) (1,2) {33,58,41,24,32,43,38}
[..##] (0,1) (2,3) (0,3) (0,2) {36,14,16,34}
[.......##.] (2,8) (5,7,8,9) (1,2,3,4,8) (0,1,2,3,4,6,7) (0,5,6) (0,1,2,3,4,8,9) (4,6,9) (2,4,7) (3,7) (0,3,7,8) (2,3,4,5,6,8,9) (0,2,3,4,5,6,7,8) {43,11,58,68,56,53,46,66,64,36}
[###....] (0,1,2,3,4,6) (2,3) (0,1,2,6) (0,1,3,5,6) (1,3,4) (0,3,6) (3,4,6) (2,4) (1,5) {50,71,38,83,33,40,60}
[#.##..#.] (4,5,6) (1,3,4,6,7) (1,2,4) (0,1,2,4,5,6,7) (0,1,3,4,5,6) (1,3,7) {32,44,21,23,229,219,223,21}
[#...##] (2,4) (1,3,5) (0,2,3,4) (0,4,5) {8,16,9,17,16,23}
[#.#.] (0,2) (0,3) (1) {20,5,1,19}
[.###] (0,3) (0,2,3) (1,2,3) (1,2) (1) (0,1,3) {51,41,34,51}
[#.....#] (0,2,4,5,6) (1,3,4,5) (3,5) (0,2,3,4,5,6) (0,1) (0,1,4,6) {29,26,7,19,28,23,24}
[#.#.#.#] (1,4,6) (0,2,5) (0,1,2,3,4,6) (3,4,6) (1,2,4,5,6) {16,39,34,20,48,23,48}
[##...##.##] (2,4,6,8) (1,2,3,7,8) (0,2,3,4,5,6,7) (3,7) (0,4,9) (2,5) (0,1,2,3,4,6,7,9) (3,5,9) (1,2,3,4,5,6,7,9) (2,4,6,7,8,9) {37,32,74,51,70,33,61,56,22,45}
[##.#.] (1,4) (0,1,3) (0,2,3) {10,155,9,10,154}
[##...#.###] (0,2,4,9) (3,4,6,8) (1,2,4) (0,1,4,5,6,7,9) (4,6,9) (4,6,8) (0,1,2,9) (0,3,4,5,6,8) (1,2,3,4,7,8) {50,51,34,51,83,34,65,35,51,48}
[..###..#] (0,2,3,7) (0,1,2,3,6) (2,3,6,7) (0,1) (2,3) (0,4,6,7) (3,5) {49,29,136,153,18,17,35,26}
[.##.#.#.] (0,1,4,5,6) (0,1,2,5,6,7) (1,3,4,5,6,7) (1,3) (0,2,3,5,6) (0,2,4,6,7) {50,58,33,34,23,56,56,26}
[.##.###..#] (0,2,6,9) (0,1,2,4,5,6,7,8,9) (0,2,3,4,5,6,8,9) (0,1,3,4,7,8,9) (1,5,6,7,8) (1,4,5,6,7,8,9) (0,1,3,5,9) (2,3,8) (0,1,2,3,4,5,7) (0,6) {72,59,46,57,50,45,41,52,59,46}
[..##.#....] (0,1,4,5,6,7) (0,1,2,3,7,8,9) (0,5,6,7) (3,4,8,9) (1,4,9) (1,3,8) (0,1,2,4,5,6,8) (0,1,2,3,5,6,8,9) (0,2,3,5) (1,2,5,8) (0,5,7) (4,5,6,7,8,9) {63,57,42,36,45,59,37,47,40,46}
[.#.##..] (0,2,3,4,5) (0,3) (1,3,4,6) (0,1,2,4,6) (1,2,4,5) (0,1,5,6) (2,4,6) (0,3,4) {45,55,45,45,74,38,54}
[...##.##.] (0,2,6,7) (0,1,2,6,8) (0,4,5) (0,3,4) (0,2,3,6,7) (2) (1,3,4,5) (0,1,2,3,5,6,7) {52,31,44,42,18,30,39,33,6}
[#.##] (1,2) (0,2) (1,2,3) (0,1,2) {33,38,55,15}
[...#..] (0) (0,4) (2,4) (0,1,3,4,5) (2,3,4) (1,3,5) {216,22,16,27,51,22}
[#.#....###] (2,4,7,8) (1,5,8) (2,3,4,5,6,8) (2,3,5) (0,2,3,5,6,7,9) (0,1,2,3,7,9) (2,3,5,7,9) (6,7) (0,1,2,3,6,8) {29,33,37,35,8,20,34,40,24,22}
[..#.#...] (4,6) (0,1,3,7) (0,2,5,7) (1,5) (2,3,5,6,7) (0,1,2,3,5,6,7) (0,5,6,7) {43,36,29,33,0,42,15,51}
[....#.#] (4,6) (1,2,5,6) (0,1,3,5,6) (1,2,4,5,6) (2,3,4,5) {126,132,11,131,13,137,134}
[.##.##] (0,2,4,5) (1,2,4,5) (2,3) (2,3,4) (2,4,5) (1,2,5) {18,39,260,199,240,61}
[##.###] (2,4,5) (0,2,3,4,5) (0,2,3,5) (0,4) (1,3,4,5) {34,7,30,22,56,37}
[.###.#] (1,2,4) (2) (1,3) (2,3,4,5) (0,1,3,5) {4,33,39,34,31,20}
[##.#..] (1,4,5) (1,3,4) (0,2,5) (0,5) (3) (0,2,3) (0,2,3,4) {60,25,40,48,45,56}
[####...#] (5,6) (1,2,3,4,5,7) (0,1,2,3,7) (0,4) (1,6) (0,2,3,6) (4,7) (0,1,2,4,6,7) (0,1,2,4,5,6) (0,1,4,5,7) {50,56,41,24,49,34,32,32}
[##...#] (4,5) (2,4,5) (0,1,2,3) (0,2,3,5) (1,4) (0,1,3,4) (0,1,5) (1,2,3,4) {49,74,55,49,60,42}
[...#.....] (0,1,2,5,6,7) (0,1,2,4,6,8) (0,1,2,3,4) (0,1,3,4,5,6,8) (0,3,7,8) (3) (0,1,2,4,5,6,8) (1,6) (0,1,2,3,4,5,6,7) {172,174,147,51,161,145,169,17,161}
[.#...###.] (3,5) (0,1,2,5,6,7,8) (1,3,4,5,6,8) (0,2,8) (1,2,4,5,6,7,8) (0,1,2,3,4,6,8) (1,2,4,5,7,8) (0,2,4,5) {28,50,59,22,56,64,32,34,65}
[###..] (0,1,2,3) (1,4) (2,4) (0,1,3,4) (2,3,4) (0,1,2) {47,55,42,42,41}
[###...#] (1,2,3,4,6) (3,4,5,6) (0,1,2,3,5,6) (2,4,6) (2,4,5,6) (0,3) (2,6) (1,3,4,5,6) {134,151,165,176,62,149,188}
[.#.##] (1,2) (1,3,4) (1,3) (0,2) (0,2,4) {19,25,30,14,14}
[#....##] (1,4) (0,5) (0,2,3,6) (2,4) (0,5,6) (0,2,3,4,5,6) {50,5,42,34,28,31,43}
[##.###.###] (4,7) (0,3,4,5,6,7,8,9) (4,5) (2,3,4,6,7,8) (0,2,4,6) (0,1,5,6,7,8,9) (0,1,2,4,8) (1,3,8) (0,1,2,5,6,9) (0,1) {57,33,24,22,68,47,40,42,35,32}
[#..#] (0,3) (0,1) (1,2) (0) (1) (1,3) {216,229,1,22}
[#...####.#] (0,4,9) (0,2,3,4,5,6,7,9) (1,2,7,9) (3,4,6,7,8) (5,8,9) (1) (5,7) (1,3,5,8) (0,3,5,6,7,8,9) {21,3,8,19,34,33,19,32,29,39}
[###..#...] (3,4) (0,2,3,4,6) (0,1,5,8) (0,1,2,3,6) (0,6,7,8) (0,1,2,4,6,8) (2,4,5,6,7) (7) (1,2,3,5,6) {35,34,30,41,34,30,33,5,24}
[#.###.##..] (1,2,3,4,5,7,8,9) (3,5) (5,7,8) (3,5,6,9) (0,1,3) (2,4,9) (1,2,4,5,6,7,9) (1,8) (4,9) (3,9) (2,4,7,9) {12,54,41,49,52,49,22,42,27,67}
[....##....] (2,4,5) (0,1,2,4,6,7,8,9) (1,5,6) (4,5) (0,1,2,4,5,8,9) (0,1,3,5,6,7,8,9) (1,7,8) (1,6,7,8) (0,1,2,3,5,7,9) (0,3,5,6,7,8,9) (0,2,3,4,5,6,7,9) (0,2,4,8) {109,230,86,62,71,89,75,236,230,101}
[..##] (0) (1,2) (0,2) (0,1,3) (1) (2,3) {34,34,38,32}

